1 1 1
1 1 2
1 1 3
1 1 4
1 1 5
1 1 6
1 1 7
1 1 8
1 1 9
1 1 10
1 1 11
1 1 12
1 1 13
1 1 14
1 1 15
1 1 16
1 1 17
1 1 18
1 1 19
1 1 20
1 2 1
1 2 20
1 3 1
1 3 20
1 4 1
1 4 20
1 5 1
1 5 20
1 6 1
1 6 20
1 7 1
1 7 20
1 8 1
3 8 7 22 15
3 8 15 22 7
1 8 20
1 9 1
1 9 20
1 10 1
1 10 20
1 11 1
1 11 20
1 12 1
1 12 20
1 13 1
1 13 20
1 14 1
1 14 20
1 15 1
2 15 5
2 15 9
2 15 13
2 15 17
1 15 20
1 16 1
1 16 20
1 17 1
1 17 20
1 18 1
1 18 20
1 19 1
1 19 20
1 20 1
1 20 20
1 21 1
1 21 20
1 22 1
3 22 7 8 15
3 22 15 8 7
1 22 20
1 23 1
1 23 20
1 24 1
1 24 20
1 25 1
1 25 20
1 26 1
1 26 20
1 27 1
1 27 20
1 28 1
1 28 20
1 29 1
1 29 2
1 29 3
1 29 4
1 29 5
1 29 6
1 29 7
1 29 8
1 29 9
1 29 10
1 29 11
1 29 12
1 29 13
1 29 14
1 29 15
1 29 16
1 29 17
1 29 18
1 29 19
1 29 20
